866994
828067
952728
432776
1049830
482517
141271
12870
691027
795075
533192
747992
94102
135713
596495
792268
1049586
179624
788696
1087508
375183
519181
747970
62897
399883
210595
251323
52223
118868
740461
154838
699062
132922
474121
511199
579082
187318
1413877
117737
225187
23014
314919
70352
612594
591549
244057
908474
5923267
101973
1038087
73419
387945
273873
570384
65724
198411
1050276
308249
168875
49890
670826
790830
909806
194723
831672
61925
76868
11745
195014
81933
529525
905409
868895
287642
247656
93023
953791
698338
900498
849649
438959
6537196
25540
9684
406026
221789
366607
35845
179917
774566
180633
4282030
638521
741073
178753
98310
224165
16233
91379
34417
354981
646878
7558720
970508
24341
265762
7894
716716
383430
417184
8154154
707886
147015
172476
215904
52610
170264
36015
651904
167787
44682
61368
83483
207862
280900
53713
500266
76104
59460
605682
712873
1282475
1443339
1019808
7604243
534470
1089161
1018327
430764
84195
167553
14484
758178
319168
1082482
324254
8090
5678382
934240
1068362
246154
1017769
59731
19225
347609
424793
26376
269835
595451
1199913
271769
5816638
1056717
103272
333434
85652
6860600
986268
79637
955053
348639
379434
141910
129334
683296
382276
290290
5079
146222
916628
693819
49764
597288
6095801
1248200
234935
652955
769408
198534
205585
336228
1111068
741178
60373
217598
231124
225131
922373
177319
313799
895194
264787
2594119
1396181
1095404
132163
153941
439488
246718
761032
778194
36146
254910
233925
1072277
772630
652725
956930
31096
156478
293769
685158
213094
527077
373039
694942
979278
721886
166709
1029042
360519
1078550
312675
70625
103447
581976
400518
236628
943439
339807
54421
181503
167233
233609
804466
32375
649970
842775
933610
1033830
1027214
770353
1439641
31559
869358
845821
1036366
83200
97059
342411
886726
67102
474783
1018317
350244
284928
626316
56450
80221
66511
977338
868803
321316
1010394
11422
604222
1149855
4915752
308150
600295
126224
78061
8565131
232060
295782
528249
128663
285297
181263
470303
887131
166342
649376
161233
58086
63307
403081
11869
260929
994009
94095
896458
44475
849790
391908
486103
846007
989553
822142
80102
7931
40936
